{
  "nbformat": 4,
  "nbformat_minor": 0,
  "metadata": {
    "colab": {
      "name": "2021S2 Lab5 EDA_Multivariado.ipynb",
      "provenance": []
    },
    "kernelspec": {
      "name": "python3",
      "display_name": "Python 3"
    },
    "language_info": {
      "name": "python"
    }
  },
  "cells": [
    {
      "cell_type": "markdown",
      "metadata": {
        "id": "4tyKIu_njwZy"
      },
      "source": [
        "# **Laboratorio 5: EDA Multivariado**"
      ]
    },
    {
      "cell_type": "markdown",
      "metadata": {
        "id": "huRKK4Y2j6nW"
      },
      "source": [
        "Importar librerías"
      ]
    },
    {
      "cell_type": "code",
      "metadata": {
        "id": "2TFBu34jjl6S"
      },
      "source": [
        "import pandas as pd\n",
        "import numpy as np \n",
        "import seaborn as sns"
      ],
      "execution_count": 1,
      "outputs": []
    },
    {
      "cell_type": "code",
      "metadata": {
        "colab": {
          "base_uri": "https://localhost:8080/",
          "height": 204
        },
        "id": "Aeg5TtEZkALU",
        "outputId": "ce5376b3-be28-4083-835d-6281805af3f9"
      },
      "source": [
        "#Cargamos el dataset diamonds\n",
        "data = sns.load_dataset('diamonds')\n",
        "data.head()"
      ],
      "execution_count": 2,
      "outputs": [
        {
          "output_type": "execute_result",
          "data": {
            "text/html": [
              "<div>\n",
              "<style scoped>\n",
              "    .dataframe tbody tr th:only-of-type {\n",
              "        vertical-align: middle;\n",
              "    }\n",
              "\n",
              "    .dataframe tbody tr th {\n",
              "        vertical-align: top;\n",
              "    }\n",
              "\n",
              "    .dataframe thead th {\n",
              "        text-align: right;\n",
              "    }\n",
              "</style>\n",
              "<table border=\"1\" class=\"dataframe\">\n",
              "  <thead>\n",
              "    <tr style=\"text-align: right;\">\n",
              "      <th></th>\n",
              "      <th>carat</th>\n",
              "      <th>cut</th>\n",
              "      <th>color</th>\n",
              "      <th>clarity</th>\n",
              "      <th>depth</th>\n",
              "      <th>table</th>\n",
              "      <th>price</th>\n",
              "      <th>x</th>\n",
              "      <th>y</th>\n",
              "      <th>z</th>\n",
              "    </tr>\n",
              "  </thead>\n",
              "  <tbody>\n",
              "    <tr>\n",
              "      <th>0</th>\n",
              "      <td>0.23</td>\n",
              "      <td>Ideal</td>\n",
              "      <td>E</td>\n",
              "      <td>SI2</td>\n",
              "      <td>61.5</td>\n",
              "      <td>55.0</td>\n",
              "      <td>326</td>\n",
              "      <td>3.95</td>\n",
              "      <td>3.98</td>\n",
              "      <td>2.43</td>\n",
              "    </tr>\n",
              "    <tr>\n",
              "      <th>1</th>\n",
              "      <td>0.21</td>\n",
              "      <td>Premium</td>\n",
              "      <td>E</td>\n",
              "      <td>SI1</td>\n",
              "      <td>59.8</td>\n",
              "      <td>61.0</td>\n",
              "      <td>326</td>\n",
              "      <td>3.89</td>\n",
              "      <td>3.84</td>\n",
              "      <td>2.31</td>\n",
              "    </tr>\n",
              "    <tr>\n",
              "      <th>2</th>\n",
              "      <td>0.23</td>\n",
              "      <td>Good</td>\n",
              "      <td>E</td>\n",
              "      <td>VS1</td>\n",
              "      <td>56.9</td>\n",
              "      <td>65.0</td>\n",
              "      <td>327</td>\n",
              "      <td>4.05</td>\n",
              "      <td>4.07</td>\n",
              "      <td>2.31</td>\n",
              "    </tr>\n",
              "    <tr>\n",
              "      <th>3</th>\n",
              "      <td>0.29</td>\n",
              "      <td>Premium</td>\n",
              "      <td>I</td>\n",
              "      <td>VS2</td>\n",
              "      <td>62.4</td>\n",
              "      <td>58.0</td>\n",
              "      <td>334</td>\n",
              "      <td>4.20</td>\n",
              "      <td>4.23</td>\n",
              "      <td>2.63</td>\n",
              "    </tr>\n",
              "    <tr>\n",
              "      <th>4</th>\n",
              "      <td>0.31</td>\n",
              "      <td>Good</td>\n",
              "      <td>J</td>\n",
              "      <td>SI2</td>\n",
              "      <td>63.3</td>\n",
              "      <td>58.0</td>\n",
              "      <td>335</td>\n",
              "      <td>4.34</td>\n",
              "      <td>4.35</td>\n",
              "      <td>2.75</td>\n",
              "    </tr>\n",
              "  </tbody>\n",
              "</table>\n",
              "</div>"
            ],
            "text/plain": [
              "   carat      cut color clarity  depth  table  price     x     y     z\n",
              "0   0.23    Ideal     E     SI2   61.5   55.0    326  3.95  3.98  2.43\n",
              "1   0.21  Premium     E     SI1   59.8   61.0    326  3.89  3.84  2.31\n",
              "2   0.23     Good     E     VS1   56.9   65.0    327  4.05  4.07  2.31\n",
              "3   0.29  Premium     I     VS2   62.4   58.0    334  4.20  4.23  2.63\n",
              "4   0.31     Good     J     SI2   63.3   58.0    335  4.34  4.35  2.75"
            ]
          },
          "metadata": {},
          "execution_count": 2
        }
      ]
    },
    {
      "cell_type": "code",
      "metadata": {
        "colab": {
          "base_uri": "https://localhost:8080/"
        },
        "id": "By5U8cCvkGe5",
        "outputId": "c8b6cb71-ebde-4aaf-ecc8-f2153ca9d552"
      },
      "source": [
        "data.dtypes"
      ],
      "execution_count": 3,
      "outputs": [
        {
          "output_type": "execute_result",
          "data": {
            "text/plain": [
              "carat       float64\n",
              "cut        category\n",
              "color      category\n",
              "clarity    category\n",
              "depth       float64\n",
              "table       float64\n",
              "price         int64\n",
              "x           float64\n",
              "y           float64\n",
              "z           float64\n",
              "dtype: object"
            ]
          },
          "metadata": {},
          "execution_count": 3
        }
      ]
    },
    {
      "cell_type": "markdown",
      "metadata": {
        "id": "WkmcNHpEkMKb"
      },
      "source": [
        "##A. Análisis Multivariado: Método no gráfico"
      ]
    },
    {
      "cell_type": "markdown",
      "metadata": {
        "id": "Ax5rFE2xkNLH"
      },
      "source": [
        "### **Variables Categóricas**\n",
        "\n",
        "Generación de tabulación cruzada"
      ]
    },
    {
      "cell_type": "code",
      "metadata": {
        "colab": {
          "base_uri": "https://localhost:8080/",
          "height": 235
        },
        "id": "7yJ15ZtCWvch",
        "outputId": "45230883-6ea4-472b-c938-c707f140c77e"
      },
      "source": [
        "#Creamos una tabla cruzada entre el corte y color\n",
        "pd.crosstab(data['cut'], data['color'])"
      ],
      "execution_count": 7,
      "outputs": [
        {
          "output_type": "execute_result",
          "data": {
            "text/html": [
              "<div>\n",
              "<style scoped>\n",
              "    .dataframe tbody tr th:only-of-type {\n",
              "        vertical-align: middle;\n",
              "    }\n",
              "\n",
              "    .dataframe tbody tr th {\n",
              "        vertical-align: top;\n",
              "    }\n",
              "\n",
              "    .dataframe thead th {\n",
              "        text-align: right;\n",
              "    }\n",
              "</style>\n",
              "<table border=\"1\" class=\"dataframe\">\n",
              "  <thead>\n",
              "    <tr style=\"text-align: right;\">\n",
              "      <th>color</th>\n",
              "      <th>D</th>\n",
              "      <th>E</th>\n",
              "      <th>F</th>\n",
              "      <th>G</th>\n",
              "      <th>H</th>\n",
              "      <th>I</th>\n",
              "      <th>J</th>\n",
              "    </tr>\n",
              "    <tr>\n",
              "      <th>cut</th>\n",
              "      <th></th>\n",
              "      <th></th>\n",
              "      <th></th>\n",
              "      <th></th>\n",
              "      <th></th>\n",
              "      <th></th>\n",
              "      <th></th>\n",
              "    </tr>\n",
              "  </thead>\n",
              "  <tbody>\n",
              "    <tr>\n",
              "      <th>Ideal</th>\n",
              "      <td>2834</td>\n",
              "      <td>3903</td>\n",
              "      <td>3826</td>\n",
              "      <td>4884</td>\n",
              "      <td>3115</td>\n",
              "      <td>2093</td>\n",
              "      <td>896</td>\n",
              "    </tr>\n",
              "    <tr>\n",
              "      <th>Premium</th>\n",
              "      <td>1603</td>\n",
              "      <td>2337</td>\n",
              "      <td>2331</td>\n",
              "      <td>2924</td>\n",
              "      <td>2360</td>\n",
              "      <td>1428</td>\n",
              "      <td>808</td>\n",
              "    </tr>\n",
              "    <tr>\n",
              "      <th>Very Good</th>\n",
              "      <td>1513</td>\n",
              "      <td>2400</td>\n",
              "      <td>2164</td>\n",
              "      <td>2299</td>\n",
              "      <td>1824</td>\n",
              "      <td>1204</td>\n",
              "      <td>678</td>\n",
              "    </tr>\n",
              "    <tr>\n",
              "      <th>Good</th>\n",
              "      <td>662</td>\n",
              "      <td>933</td>\n",
              "      <td>909</td>\n",
              "      <td>871</td>\n",
              "      <td>702</td>\n",
              "      <td>522</td>\n",
              "      <td>307</td>\n",
              "    </tr>\n",
              "    <tr>\n",
              "      <th>Fair</th>\n",
              "      <td>163</td>\n",
              "      <td>224</td>\n",
              "      <td>312</td>\n",
              "      <td>314</td>\n",
              "      <td>303</td>\n",
              "      <td>175</td>\n",
              "      <td>119</td>\n",
              "    </tr>\n",
              "  </tbody>\n",
              "</table>\n",
              "</div>"
            ],
            "text/plain": [
              "color         D     E     F     G     H     I    J\n",
              "cut                                               \n",
              "Ideal      2834  3903  3826  4884  3115  2093  896\n",
              "Premium    1603  2337  2331  2924  2360  1428  808\n",
              "Very Good  1513  2400  2164  2299  1824  1204  678\n",
              "Good        662   933   909   871   702   522  307\n",
              "Fair        163   224   312   314   303   175  119"
            ]
          },
          "metadata": {},
          "execution_count": 7
        }
      ]
    },
    {
      "cell_type": "code",
      "metadata": {
        "colab": {
          "base_uri": "https://localhost:8080/",
          "height": 266
        },
        "id": "bk-ws_7uXIUQ",
        "outputId": "dbd146b3-be28-4bcc-960f-7a7a8a5a0493"
      },
      "source": [
        "#Creamos una tabla cruzada entre el corte y color\n",
        "#agregar margins: devuelve la suma (el tipo depende de las cols)\n",
        "pd.crosstab(data['cut'], data['color'], margins=True)"
      ],
      "execution_count": 8,
      "outputs": [
        {
          "output_type": "execute_result",
          "data": {
            "text/html": [
              "<div>\n",
              "<style scoped>\n",
              "    .dataframe tbody tr th:only-of-type {\n",
              "        vertical-align: middle;\n",
              "    }\n",
              "\n",
              "    .dataframe tbody tr th {\n",
              "        vertical-align: top;\n",
              "    }\n",
              "\n",
              "    .dataframe thead th {\n",
              "        text-align: right;\n",
              "    }\n",
              "</style>\n",
              "<table border=\"1\" class=\"dataframe\">\n",
              "  <thead>\n",
              "    <tr style=\"text-align: right;\">\n",
              "      <th>color</th>\n",
              "      <th>D</th>\n",
              "      <th>E</th>\n",
              "      <th>F</th>\n",
              "      <th>G</th>\n",
              "      <th>H</th>\n",
              "      <th>I</th>\n",
              "      <th>J</th>\n",
              "      <th>All</th>\n",
              "    </tr>\n",
              "    <tr>\n",
              "      <th>cut</th>\n",
              "      <th></th>\n",
              "      <th></th>\n",
              "      <th></th>\n",
              "      <th></th>\n",
              "      <th></th>\n",
              "      <th></th>\n",
              "      <th></th>\n",
              "      <th></th>\n",
              "    </tr>\n",
              "  </thead>\n",
              "  <tbody>\n",
              "    <tr>\n",
              "      <th>Ideal</th>\n",
              "      <td>2834</td>\n",
              "      <td>3903</td>\n",
              "      <td>3826</td>\n",
              "      <td>4884</td>\n",
              "      <td>3115</td>\n",
              "      <td>2093</td>\n",
              "      <td>896</td>\n",
              "      <td>21551</td>\n",
              "    </tr>\n",
              "    <tr>\n",
              "      <th>Premium</th>\n",
              "      <td>1603</td>\n",
              "      <td>2337</td>\n",
              "      <td>2331</td>\n",
              "      <td>2924</td>\n",
              "      <td>2360</td>\n",
              "      <td>1428</td>\n",
              "      <td>808</td>\n",
              "      <td>13791</td>\n",
              "    </tr>\n",
              "    <tr>\n",
              "      <th>Very Good</th>\n",
              "      <td>1513</td>\n",
              "      <td>2400</td>\n",
              "      <td>2164</td>\n",
              "      <td>2299</td>\n",
              "      <td>1824</td>\n",
              "      <td>1204</td>\n",
              "      <td>678</td>\n",
              "      <td>12082</td>\n",
              "    </tr>\n",
              "    <tr>\n",
              "      <th>Good</th>\n",
              "      <td>662</td>\n",
              "      <td>933</td>\n",
              "      <td>909</td>\n",
              "      <td>871</td>\n",
              "      <td>702</td>\n",
              "      <td>522</td>\n",
              "      <td>307</td>\n",
              "      <td>4906</td>\n",
              "    </tr>\n",
              "    <tr>\n",
              "      <th>Fair</th>\n",
              "      <td>163</td>\n",
              "      <td>224</td>\n",
              "      <td>312</td>\n",
              "      <td>314</td>\n",
              "      <td>303</td>\n",
              "      <td>175</td>\n",
              "      <td>119</td>\n",
              "      <td>1610</td>\n",
              "    </tr>\n",
              "    <tr>\n",
              "      <th>All</th>\n",
              "      <td>6775</td>\n",
              "      <td>9797</td>\n",
              "      <td>9542</td>\n",
              "      <td>11292</td>\n",
              "      <td>8304</td>\n",
              "      <td>5422</td>\n",
              "      <td>2808</td>\n",
              "      <td>53940</td>\n",
              "    </tr>\n",
              "  </tbody>\n",
              "</table>\n",
              "</div>"
            ],
            "text/plain": [
              "color         D     E     F      G     H     I     J    All\n",
              "cut                                                        \n",
              "Ideal      2834  3903  3826   4884  3115  2093   896  21551\n",
              "Premium    1603  2337  2331   2924  2360  1428   808  13791\n",
              "Very Good  1513  2400  2164   2299  1824  1204   678  12082\n",
              "Good        662   933   909    871   702   522   307   4906\n",
              "Fair        163   224   312    314   303   175   119   1610\n",
              "All        6775  9797  9542  11292  8304  5422  2808  53940"
            ]
          },
          "metadata": {},
          "execution_count": 8
        }
      ]
    },
    {
      "cell_type": "code",
      "metadata": {
        "colab": {
          "base_uri": "https://localhost:8080/",
          "height": 266
        },
        "id": "nrVomsTxXdOJ",
        "outputId": "de6f8ef9-285b-4a3c-b975-1e80057d9524"
      },
      "source": [
        "#Para normalizar a % se usa normalize= all \n",
        "pd.crosstab(data['cut'], data['color'], normalize='all', margins=True)"
      ],
      "execution_count": 11,
      "outputs": [
        {
          "output_type": "execute_result",
          "data": {
            "text/html": [
              "<div>\n",
              "<style scoped>\n",
              "    .dataframe tbody tr th:only-of-type {\n",
              "        vertical-align: middle;\n",
              "    }\n",
              "\n",
              "    .dataframe tbody tr th {\n",
              "        vertical-align: top;\n",
              "    }\n",
              "\n",
              "    .dataframe thead th {\n",
              "        text-align: right;\n",
              "    }\n",
              "</style>\n",
              "<table border=\"1\" class=\"dataframe\">\n",
              "  <thead>\n",
              "    <tr style=\"text-align: right;\">\n",
              "      <th>color</th>\n",
              "      <th>D</th>\n",
              "      <th>E</th>\n",
              "      <th>F</th>\n",
              "      <th>G</th>\n",
              "      <th>H</th>\n",
              "      <th>I</th>\n",
              "      <th>J</th>\n",
              "      <th>All</th>\n",
              "    </tr>\n",
              "    <tr>\n",
              "      <th>cut</th>\n",
              "      <th></th>\n",
              "      <th></th>\n",
              "      <th></th>\n",
              "      <th></th>\n",
              "      <th></th>\n",
              "      <th></th>\n",
              "      <th></th>\n",
              "      <th></th>\n",
              "    </tr>\n",
              "  </thead>\n",
              "  <tbody>\n",
              "    <tr>\n",
              "      <th>Ideal</th>\n",
              "      <td>0.052540</td>\n",
              "      <td>0.072358</td>\n",
              "      <td>0.070931</td>\n",
              "      <td>0.090545</td>\n",
              "      <td>0.057749</td>\n",
              "      <td>0.038802</td>\n",
              "      <td>0.016611</td>\n",
              "      <td>0.399537</td>\n",
              "    </tr>\n",
              "    <tr>\n",
              "      <th>Premium</th>\n",
              "      <td>0.029718</td>\n",
              "      <td>0.043326</td>\n",
              "      <td>0.043215</td>\n",
              "      <td>0.054208</td>\n",
              "      <td>0.043752</td>\n",
              "      <td>0.026474</td>\n",
              "      <td>0.014980</td>\n",
              "      <td>0.255673</td>\n",
              "    </tr>\n",
              "    <tr>\n",
              "      <th>Very Good</th>\n",
              "      <td>0.028050</td>\n",
              "      <td>0.044494</td>\n",
              "      <td>0.040119</td>\n",
              "      <td>0.042621</td>\n",
              "      <td>0.033815</td>\n",
              "      <td>0.022321</td>\n",
              "      <td>0.012570</td>\n",
              "      <td>0.223990</td>\n",
              "    </tr>\n",
              "    <tr>\n",
              "      <th>Good</th>\n",
              "      <td>0.012273</td>\n",
              "      <td>0.017297</td>\n",
              "      <td>0.016852</td>\n",
              "      <td>0.016148</td>\n",
              "      <td>0.013014</td>\n",
              "      <td>0.009677</td>\n",
              "      <td>0.005692</td>\n",
              "      <td>0.090953</td>\n",
              "    </tr>\n",
              "    <tr>\n",
              "      <th>Fair</th>\n",
              "      <td>0.003022</td>\n",
              "      <td>0.004153</td>\n",
              "      <td>0.005784</td>\n",
              "      <td>0.005821</td>\n",
              "      <td>0.005617</td>\n",
              "      <td>0.003244</td>\n",
              "      <td>0.002206</td>\n",
              "      <td>0.029848</td>\n",
              "    </tr>\n",
              "    <tr>\n",
              "      <th>All</th>\n",
              "      <td>0.125603</td>\n",
              "      <td>0.181628</td>\n",
              "      <td>0.176900</td>\n",
              "      <td>0.209344</td>\n",
              "      <td>0.153949</td>\n",
              "      <td>0.100519</td>\n",
              "      <td>0.052058</td>\n",
              "      <td>1.000000</td>\n",
              "    </tr>\n",
              "  </tbody>\n",
              "</table>\n",
              "</div>"
            ],
            "text/plain": [
              "color             D         E         F  ...         I         J       All\n",
              "cut                                      ...                              \n",
              "Ideal      0.052540  0.072358  0.070931  ...  0.038802  0.016611  0.399537\n",
              "Premium    0.029718  0.043326  0.043215  ...  0.026474  0.014980  0.255673\n",
              "Very Good  0.028050  0.044494  0.040119  ...  0.022321  0.012570  0.223990\n",
              "Good       0.012273  0.017297  0.016852  ...  0.009677  0.005692  0.090953\n",
              "Fair       0.003022  0.004153  0.005784  ...  0.003244  0.002206  0.029848\n",
              "All        0.125603  0.181628  0.176900  ...  0.100519  0.052058  1.000000\n",
              "\n",
              "[6 rows x 8 columns]"
            ]
          },
          "metadata": {},
          "execution_count": 11
        }
      ]
    },
    {
      "cell_type": "markdown",
      "metadata": {
        "id": "UzBeU03CYFwN"
      },
      "source": [
        "### **Variables Cuantitativas**"
      ]
    },
    {
      "cell_type": "markdown",
      "metadata": {
        "id": "H9ETbEjHYHG0"
      },
      "source": [
        "Analizemos las variables cuantitativas\n",
        "\n",
        "*   La función `cov()` calcula la covarianza entre todas las variables cuantitativas \n",
        "*   La función `cor()` calcula la correlación entre todas las variables cuantitativas "
      ]
    },
    {
      "cell_type": "code",
      "metadata": {
        "colab": {
          "base_uri": "https://localhost:8080/",
          "height": 266
        },
        "id": "hvXQE5gRflE2",
        "outputId": "2eeaa88e-7185-4999-f769-0adf5df9c5ce"
      },
      "source": [
        "data.cov()"
      ],
      "execution_count": 16,
      "outputs": [
        {
          "output_type": "execute_result",
          "data": {
            "text/html": [
              "<div>\n",
              "<style scoped>\n",
              "    .dataframe tbody tr th:only-of-type {\n",
              "        vertical-align: middle;\n",
              "    }\n",
              "\n",
              "    .dataframe tbody tr th {\n",
              "        vertical-align: top;\n",
              "    }\n",
              "\n",
              "    .dataframe thead th {\n",
              "        text-align: right;\n",
              "    }\n",
              "</style>\n",
              "<table border=\"1\" class=\"dataframe\">\n",
              "  <thead>\n",
              "    <tr style=\"text-align: right;\">\n",
              "      <th></th>\n",
              "      <th>carat</th>\n",
              "      <th>depth</th>\n",
              "      <th>table</th>\n",
              "      <th>price</th>\n",
              "      <th>x</th>\n",
              "      <th>y</th>\n",
              "      <th>z</th>\n",
              "    </tr>\n",
              "  </thead>\n",
              "  <tbody>\n",
              "    <tr>\n",
              "      <th>carat</th>\n",
              "      <td>0.224687</td>\n",
              "      <td>0.019167</td>\n",
              "      <td>0.192365</td>\n",
              "      <td>1.742765e+03</td>\n",
              "      <td>0.518484</td>\n",
              "      <td>0.515248</td>\n",
              "      <td>0.318917</td>\n",
              "    </tr>\n",
              "    <tr>\n",
              "      <th>depth</th>\n",
              "      <td>0.019167</td>\n",
              "      <td>2.052404</td>\n",
              "      <td>-0.946840</td>\n",
              "      <td>-6.085371e+01</td>\n",
              "      <td>-0.040641</td>\n",
              "      <td>-0.048009</td>\n",
              "      <td>0.095968</td>\n",
              "    </tr>\n",
              "    <tr>\n",
              "      <th>table</th>\n",
              "      <td>0.192365</td>\n",
              "      <td>-0.946840</td>\n",
              "      <td>4.992948</td>\n",
              "      <td>1.133318e+03</td>\n",
              "      <td>0.489643</td>\n",
              "      <td>0.468972</td>\n",
              "      <td>0.237996</td>\n",
              "    </tr>\n",
              "    <tr>\n",
              "      <th>price</th>\n",
              "      <td>1742.765364</td>\n",
              "      <td>-60.853712</td>\n",
              "      <td>1133.318064</td>\n",
              "      <td>1.591563e+07</td>\n",
              "      <td>3958.021491</td>\n",
              "      <td>3943.270810</td>\n",
              "      <td>2424.712613</td>\n",
              "    </tr>\n",
              "    <tr>\n",
              "      <th>x</th>\n",
              "      <td>0.518484</td>\n",
              "      <td>-0.040641</td>\n",
              "      <td>0.489643</td>\n",
              "      <td>3.958021e+03</td>\n",
              "      <td>1.258347</td>\n",
              "      <td>1.248789</td>\n",
              "      <td>0.768487</td>\n",
              "    </tr>\n",
              "    <tr>\n",
              "      <th>y</th>\n",
              "      <td>0.515248</td>\n",
              "      <td>-0.048009</td>\n",
              "      <td>0.468972</td>\n",
              "      <td>3.943271e+03</td>\n",
              "      <td>1.248789</td>\n",
              "      <td>1.304472</td>\n",
              "      <td>0.767320</td>\n",
              "    </tr>\n",
              "    <tr>\n",
              "      <th>z</th>\n",
              "      <td>0.318917</td>\n",
              "      <td>0.095968</td>\n",
              "      <td>0.237996</td>\n",
              "      <td>2.424713e+03</td>\n",
              "      <td>0.768487</td>\n",
              "      <td>0.767320</td>\n",
              "      <td>0.498011</td>\n",
              "    </tr>\n",
              "  </tbody>\n",
              "</table>\n",
              "</div>"
            ],
            "text/plain": [
              "             carat      depth  ...            y            z\n",
              "carat     0.224687   0.019167  ...     0.515248     0.318917\n",
              "depth     0.019167   2.052404  ...    -0.048009     0.095968\n",
              "table     0.192365  -0.946840  ...     0.468972     0.237996\n",
              "price  1742.765364 -60.853712  ...  3943.270810  2424.712613\n",
              "x         0.518484  -0.040641  ...     1.248789     0.768487\n",
              "y         0.515248  -0.048009  ...     1.304472     0.767320\n",
              "z         0.318917   0.095968  ...     0.767320     0.498011\n",
              "\n",
              "[7 rows x 7 columns]"
            ]
          },
          "metadata": {},
          "execution_count": 16
        }
      ]
    },
    {
      "cell_type": "code",
      "metadata": {
        "colab": {
          "base_uri": "https://localhost:8080/",
          "height": 266
        },
        "id": "hwzkmTw4r_Is",
        "outputId": "8e5b85aa-f772-43b6-dfc5-947bee8fc58b"
      },
      "source": [
        "data.corr()"
      ],
      "execution_count": 18,
      "outputs": [
        {
          "output_type": "execute_result",
          "data": {
            "text/html": [
              "<div>\n",
              "<style scoped>\n",
              "    .dataframe tbody tr th:only-of-type {\n",
              "        vertical-align: middle;\n",
              "    }\n",
              "\n",
              "    .dataframe tbody tr th {\n",
              "        vertical-align: top;\n",
              "    }\n",
              "\n",
              "    .dataframe thead th {\n",
              "        text-align: right;\n",
              "    }\n",
              "</style>\n",
              "<table border=\"1\" class=\"dataframe\">\n",
              "  <thead>\n",
              "    <tr style=\"text-align: right;\">\n",
              "      <th></th>\n",
              "      <th>carat</th>\n",
              "      <th>depth</th>\n",
              "      <th>table</th>\n",
              "      <th>price</th>\n",
              "      <th>x</th>\n",
              "      <th>y</th>\n",
              "      <th>z</th>\n",
              "    </tr>\n",
              "  </thead>\n",
              "  <tbody>\n",
              "    <tr>\n",
              "      <th>carat</th>\n",
              "      <td>1.000000</td>\n",
              "      <td>0.028224</td>\n",
              "      <td>0.181618</td>\n",
              "      <td>0.921591</td>\n",
              "      <td>0.975094</td>\n",
              "      <td>0.951722</td>\n",
              "      <td>0.953387</td>\n",
              "    </tr>\n",
              "    <tr>\n",
              "      <th>depth</th>\n",
              "      <td>0.028224</td>\n",
              "      <td>1.000000</td>\n",
              "      <td>-0.295779</td>\n",
              "      <td>-0.010647</td>\n",
              "      <td>-0.025289</td>\n",
              "      <td>-0.029341</td>\n",
              "      <td>0.094924</td>\n",
              "    </tr>\n",
              "    <tr>\n",
              "      <th>table</th>\n",
              "      <td>0.181618</td>\n",
              "      <td>-0.295779</td>\n",
              "      <td>1.000000</td>\n",
              "      <td>0.127134</td>\n",
              "      <td>0.195344</td>\n",
              "      <td>0.183760</td>\n",
              "      <td>0.150929</td>\n",
              "    </tr>\n",
              "    <tr>\n",
              "      <th>price</th>\n",
              "      <td>0.921591</td>\n",
              "      <td>-0.010647</td>\n",
              "      <td>0.127134</td>\n",
              "      <td>1.000000</td>\n",
              "      <td>0.884435</td>\n",
              "      <td>0.865421</td>\n",
              "      <td>0.861249</td>\n",
              "    </tr>\n",
              "    <tr>\n",
              "      <th>x</th>\n",
              "      <td>0.975094</td>\n",
              "      <td>-0.025289</td>\n",
              "      <td>0.195344</td>\n",
              "      <td>0.884435</td>\n",
              "      <td>1.000000</td>\n",
              "      <td>0.974701</td>\n",
              "      <td>0.970772</td>\n",
              "    </tr>\n",
              "    <tr>\n",
              "      <th>y</th>\n",
              "      <td>0.951722</td>\n",
              "      <td>-0.029341</td>\n",
              "      <td>0.183760</td>\n",
              "      <td>0.865421</td>\n",
              "      <td>0.974701</td>\n",
              "      <td>1.000000</td>\n",
              "      <td>0.952006</td>\n",
              "    </tr>\n",
              "    <tr>\n",
              "      <th>z</th>\n",
              "      <td>0.953387</td>\n",
              "      <td>0.094924</td>\n",
              "      <td>0.150929</td>\n",
              "      <td>0.861249</td>\n",
              "      <td>0.970772</td>\n",
              "      <td>0.952006</td>\n",
              "      <td>1.000000</td>\n",
              "    </tr>\n",
              "  </tbody>\n",
              "</table>\n",
              "</div>"
            ],
            "text/plain": [
              "          carat     depth     table     price         x         y         z\n",
              "carat  1.000000  0.028224  0.181618  0.921591  0.975094  0.951722  0.953387\n",
              "depth  0.028224  1.000000 -0.295779 -0.010647 -0.025289 -0.029341  0.094924\n",
              "table  0.181618 -0.295779  1.000000  0.127134  0.195344  0.183760  0.150929\n",
              "price  0.921591 -0.010647  0.127134  1.000000  0.884435  0.865421  0.861249\n",
              "x      0.975094 -0.025289  0.195344  0.884435  1.000000  0.974701  0.970772\n",
              "y      0.951722 -0.029341  0.183760  0.865421  0.974701  1.000000  0.952006\n",
              "z      0.953387  0.094924  0.150929  0.861249  0.970772  0.952006  1.000000"
            ]
          },
          "metadata": {},
          "execution_count": 18
        }
      ]
    },
    {
      "cell_type": "markdown",
      "metadata": {
        "id": "vsohKirvip4-"
      },
      "source": [
        "##B. Análisis Multivariado: Método gráfico"
      ]
    },
    {
      "cell_type": "markdown",
      "metadata": {
        "id": "wgqyA2ifjXhE"
      },
      "source": [
        "## Pila de Bar Plots: Relación entre dos o más datos categóricas."
      ]
    },
    {
      "cell_type": "code",
      "metadata": {
        "id": "lg_KzbPvlTS6"
      },
      "source": [
        "#Se puede cambiar el tamaño de las figuras \n",
        "sns.set(rc={\"figure.figsize\":(10, 8)}) #ancho=10, alto=8"
      ],
      "execution_count": 34,
      "outputs": []
    },
    {
      "cell_type": "markdown",
      "metadata": {
        "id": "sK6a5CZTmpvP"
      },
      "source": [
        "### **Cat Plots** : Gráfico para la comparación de datos categóricos"
      ]
    },
    {
      "cell_type": "code",
      "metadata": {
        "colab": {
          "base_uri": "https://localhost:8080/",
          "height": 382
        },
        "id": "O0eq4LIqkSGT",
        "outputId": "04081cc6-74f8-4515-8981-858c05591d2a"
      },
      "source": [
        "#Gráfico entre corte y color\n",
        "sns.catplot(x='cut', hue='color', data=data, kind=\"count\", palette=\"Set1\")"
      ],
      "execution_count": 36,
      "outputs": [
        {
          "output_type": "execute_result",
          "data": {
            "text/plain": [
              "<seaborn.axisgrid.FacetGrid at 0x7f8471da0590>"
            ]
          },
          "metadata": {},
          "execution_count": 36
        },
        {
          "output_type": "display_data",
          "data": {
